33333333333333333333333333333333333333333333333333333333333333
32111111111111111111111111111111111111111111111111111111111123
31                                                          13
31                                                          13
31                                                          13
31                                                          13
31                                                          13
31        11111111111111111111111111111111111111111         13
31                                                          13
31                                                          13
31                                                          13
31                                                          13
31                                                          13
31                                                          13
31                                                          13
31                                                          13
31                                                          13
31                                                          13
31                                                          13
31                                                          13
31                                                          13
31                                                          13
31                                                          13
31        111111111111111111111111111111111111111111        13
31                                                          13
31                                                          13
31                                                          13
31                                                          13
31                                                          13
31                                                          13
32111111111111111111111111111111111111111111111111111111111123
33333333333333333333333333333333333333333333333333333333333333