33333333333333333333333333333333333333333333333333333333333333
32111111111111111111111111111111111111111111111111111111111123
31                                                          13
31                                                          13
31                                                          13
31       1                                         1        13
31       1                                         1        13
31       1                                         1        13
31       1                                         1        13
31       1                                         1        13
31       1                                         1        13
31       1                                         1        13
31       1                                         1        13
31       1                                         1        13
31       1                                         1        13
31       1                                         1        13
31       1                                         1        13
31       1                                         1        13
31       1                                         1        13
31       1                                         1        13
31       1                                         1        13
31       1                                         1        13
31       1                                         1        13
31       1                                         1        13
31       1                                         1        13
31       1                                         1        13
31       1                                         1        13
31                                                          13
31                                                          13
31                                                          13
32111111111111111111111111111111111111111111111111111111111123
33333333333333333333333333333333333333333333333333333333333333